165.4678899082569
42240
42240
1010010100000000
165.37614678899084
42240
42240
1010010100000000
165.28440366972478
42240
42240
1010010100000000
165.19266055045873
42240
42240
1010010100000000
165.10091743119267
42240
42240
1010010100000000
165.0091743119266
42240
42240
1010010100000000
164.91743119266056
41984
41984
1010010000000000
164.8256880733945
41984
41984
1010010000000000
164.73394495412845
41984
41984
1010010000000000
164.6422018348624
41984
41984
1010010000000000
164.55045871559633
41984
41984
1010010000000000
164.45871559633028
41984
41984
1010010000000000
164.36697247706422
41984
41984
1010010000000000
164.27522935779817
41984
41984
1010010000000000
164.1834862385321
41984
41984
1010010000000000
164.09174311926606
41984
41984
1010010000000000
164.0
41984
41984
1010010000000000
163.90825688073394
41728
41728
1010001100000000
163.8165137614679
41728
41728
1010001100000000
163.72477064220183
41728
41728
1010001100000000
163.63302752293578
41728
41728
1010001100000000
163.54128440366972
41728
41728
1010001100000000
163.44954128440367
41728
41728
1010001100000000
163.3577981651376
41728
41728
1010001100000000
163.26605504587155
41728
41728
1010001100000000
163.1743119266055
41728
41728
1010001100000000
163.08256880733944
41728
41728
1010001100000000
162.9908256880734
41472
41472
1010001000000000
162.89908256880733
41472
41472
1010001000000000
162.80733944954127
41472
41472
1010001000000000
162.71559633027522
41472
41472
1010001000000000
162.62385321100916
41472
41472
1010001000000000
162.5321100917431
41472
41472
1010001000000000
162.44036697247705
41472
41472
1010001000000000
162.348623853211
41472
41472
1010001000000000
162.25688073394497
41472
41472
1010001000000000
162.1651376146789
41472
41472
1010001000000000
162.07339449541286
41472
41472
1010001000000000
161.9816513761468
41216
41216
1010000100000000
161.88990825688074
41216
41216
1010000100000000
161.7981651376147
41216
41216
1010000100000000
161.70642201834863
41216
41216
1010000100000000
161.61467889908258
41216
41216
1010000100000000
161.52293577981652
41216
41216
1010000100000000
161.43119266055047
41216
41216
1010000100000000
161.3394495412844
41216
41216
1010000100000000
161.24770642201835
41216
41216
1010000100000000
161.1559633027523
41216
41216
1010000100000000
161.06422018348624
41216
41216
1010000100000000
160.9724770642202
40960
40960
1010000000000000
160.88073394495413
40960
40960
1010000000000000
160.78899082568807
40960
40960
1010000000000000
160.69724770642202
40960
40960
1010000000000000
160.60550458715596
40960
40960
1010000000000000
160.5137614678899
40960
40960
1010000000000000
160.42201834862385
40960
40960
1010000000000000
160.3302752293578
40960
40960
1010000000000000
160.23853211009174
40960
40960
1010000000000000
160.14678899082568
40960
40960
1010000000000000
160.05504587155963
40960
40960
1010000000000000
159.96330275229357
40704
40704
1001111100000000
159.87155963302752
40704
40704
1001111100000000
159.77981651376146
40704
40704
1001111100000000
159.6880733944954
40704
40704
1001111100000000
159.59633027522935
40704
40704
1001111100000000
159.5045871559633
40704
40704
1001111100000000
159.41284403669724
40704
40704
1001111100000000
159.32110091743118
40704
40704
1001111100000000
159.22935779816513
40704
40704
1001111100000000
159.13761467889907
40704
40704
1001111100000000
159.04587155963304
40704
40704
1001111100000000
158.95412844036696
40448
40448
1001111000000000
158.86238532110093
40448
40448
1001111000000000
158.77064220183487
40448
40448
1001111000000000
158.67889908256882
40448
40448
1001111000000000
158.58715596330276
40448
40448
1001111000000000
158.4954128440367
40448
40448
1001111000000000
158.40366972477065
40448
40448
1001111000000000
158.3119266055046
40448
40448
1001111000000000
158.22018348623854
40448
40448
1001111000000000
158.12844036697248
40448
40448
1001111000000000
158.03669724770643
40448
40448
1001111000000000
157.94495412844037
40192
40192
1001110100000000
157.85321100917432
40192
40192
1001110100000000
157.76146788990826
40192
40192
1001110100000000
157.6697247706422
40192
40192
1001110100000000
157.57798165137615
40192
40192
1001110100000000
157.4862385321101
40192
40192
1001110100000000
157.39449541284404
40192
40192
1001110100000000
157.30275229357798
40192
40192
1001110100000000
157.21100917431193
40192
40192
1001110100000000
157.11926605504587
40192
40192
1001110100000000
157.0275229357798
40192
40192
1001110100000000
156.93577981651376
39936
39936
1001110000000000
156.8440366972477
39936
39936
1001110000000000
156.75229357798165
39936
39936
1001110000000000
156.6605504587156
39936
39936
1001110000000000
156.56880733944953
39936
39936
1001110000000000
156.47706422018348
39936
39936
1001110000000000
156.38532110091742
39936
39936
1001110000000000
156.29357798165137
39936
39936
1001110000000000
156.2018348623853
39936
39936
1001110000000000
156.11009174311926
39936
39936
1001110000000000
156.0183486238532
39936
39936
1001110000000000
155.92660550458714
39680
39680
1001101100000000
155.8348623853211
39680
39680
1001101100000000
155.74311926605503
39680
39680
1001101100000000
155.651376146789
39680
39680
1001101100000000
155.55963302752295
39680
39680
1001101100000000
155.4678899082569
39680
39680
1001101100000000
155.37614678899084
39680
39680
1001101100000000
155.28440366972478
39680
39680
1001101100000000
155.19266055045873
39680
39680
1001101100000000
155.10091743119267
39680
39680
1001101100000000
155.0091743119266
39680
39680
1001101100000000
154.91743119266056
39424
39424
1001101000000000
154.8256880733945
39424
39424
1001101000000000
154.73394495412845
39424
39424
1001101000000000
154.6422018348624
39424
39424
1001101000000000
154.55045871559633
39424
39424
1001101000000000
154.45871559633028
39424
39424
1001101000000000
154.36697247706422
39424
39424
1001101000000000
154.27522935779817
39424
39424
1001101000000000
154.1834862385321
39424
39424
1001101000000000
154.09174311926606
39424
39424
1001101000000000
154.0
39424
39424
1001101000000000
0
0
0
0000000000000000
0
0
0
0000000000000000
0
0
0
0000000000000000
0
0
0
0000000000000000
0
0
0
0000000000000000
0
0
0
0000000000000000
0
0
0
0000000000000000
0
0
0
0000000000000000
0
0
0
0000000000000000
0
0
0
0000000000000000
0
0
0
0000000000000000
0
0
0
0000000000000000
0
0
0
0000000000000000
0
0
0
0000000000000000
0
0
0
0000000000000000
0
0
0
0000000000000000
0
0
0
0000000000000000
0
0
0
0000000000000000
0
0
0
0000000000000000
0
0
0
0000000000000000
0
0
0
0000000000000000
0
0
0
0000000000000000
0
0
0
0000000000000000
0
0
0
0000000000000000
0
0
0
0000000000000000
0
0
0
0000000000000000
0
0
0
0000000000000000
0
0
0
0000000000000000
0
0
0
0000000000000000
0
0
0
0000000000000000
0
0
0
0000000000000000
0
0
0
0000000000000000
0
0
0
0000000000000000
0
0
0
0000000000000000
0
0
0
0000000000000000
0
0
0
0000000000000000
0
0
0
0000000000000000
0
0
0
0000000000000000
0
0
0
0000000000000000
0
0
0
0000000000000000
0
0
0
0000000000000000
0
0
0
0000000000000000
0
0
0
0000000000000000
0
0
0
0000000000000000
0
0
0
0000000000000000
0
0
0
0000000000000000
0
0
0
0000000000000000
0
0
0
0000000000000000
0
0
0
0000000000000000
0
0
0
0000000000000000
0
0
0
0000000000000000
0
0
0
0000000000000000
0
0
0
0000000000000000
0
0
0
0000000000000000
0
0
0
0000000000000000
0
0
0
0000000000000000
0
0
0
0000000000000000
0
0
0
0000000000000000
0
0
0
0000000000000000
0
0
0
0000000000000000
0
0
0
0000000000000000
0
0
0
0000000000000000
154.0
39424
39424
1001101000000000
154.46808510638297
39424
39424
1001101000000000
154.93617021276594
39424
39424
1001101000000000
155.40425531914894
39680
39680
1001101100000000
155.87234042553192
39680
39680
1001101100000000
156.3404255319149
39936
39936
1001110000000000
156.80851063829786
39936
39936
1001110000000000
157.27659574468086
40192
40192
1001110100000000
157.74468085106383
40192
40192
1001110100000000
158.2127659574468
40448
40448
1001111000000000
158.68085106382978
40448
40448
1001111000000000
159.14893617021278
40704
40704
1001111100000000
159.61702127659575
40704
40704
1001111100000000
160.08510638297872
40960
40960
1010000000000000
160.5531914893617
40960
40960
1010000000000000
161.02127659574467
41216
41216
1010000100000000
161.48936170212767
41216
41216
1010000100000000
161.95744680851064
41216
41216
1010000100000000
162.4255319148936
41472
41472
1010001000000000
162.89361702127658
41472
41472
1010001000000000
163.36170212765958
41728
41728
1010001100000000
163.82978723404256
41728
41728
1010001100000000
164.29787234042553
41984
41984
1010010000000000
164.7659574468085
41984
41984
1010010000000000
165.2340425531915
42240
42240
1010010100000000
165.70212765957447
42240
42240
1010010100000000
166.17021276595744
42496
42496
1010011000000000
166.63829787234042
42496
42496
1010011000000000
167.10638297872342
42752
42752
1010011100000000
167.5744680851064
42752
42752
1010011100000000
168.04255319148936
43008
43008
1010100000000000
168.51063829787233
43008
43008
1010100000000000
168.97872340425533
43008
43008
1010100000000000
169.4468085106383
43264
43264
1010100100000000
169.91489361702128
43264
43264
1010100100000000
170.38297872340425
43520
43520
1010101000000000
170.85106382978722
43520
43520
1010101000000000
171.31914893617022
43776
43776
1010101100000000
171.7872340425532
43776
43776
1010101100000000
172.25531914893617
44032
44032
1010110000000000
172.72340425531914
44032
44032
1010110000000000
173.19148936170214
44288
44288
1010110100000000
173.6595744680851
44288
44288
1010110100000000
174.12765957446808
44544
44544
1010111000000000
174.59574468085106
44544
44544
1010111000000000
175.06382978723406
44800
44800
1010111100000000
175.53191489361703
44800
44800
1010111100000000
176.0
45056
45056
1011000000000000
176.46808510638297
45056
45056
1011000000000000
176.93617021276594
45056
45056
1011000000000000
177.40425531914894
45312
45312
1011000100000000
177.87234042553192
45312
45312
1011000100000000
178.3404255319149
45568
45568
1011001000000000
178.80851063829786
45568
45568
1011001000000000
179.27659574468086
45824
45824
1011001100000000
179.74468085106383
45824
45824
1011001100000000
180.2127659574468
46080
46080
1011010000000000
180.68085106382978
46080
46080
1011010000000000
181.14893617021278
46336
46336
1011010100000000
181.61702127659575
46336
46336
1011010100000000
182.08510638297872
46592
46592
1011011000000000
182.5531914893617
46592
46592
1011011000000000
183.02127659574467
46848
46848
1011011100000000
183.48936170212767
46848
46848
1011011100000000
183.95744680851064
46848
46848
1011011100000000
184.4255319148936
47104
47104
1011100000000000
184.8936170212766
47104
47104
1011100000000000
185.36170212765958
47360
47360
1011100100000000
