0000001000111111
0000001000111001
0000001000110100
0000001000101110
0000001000101001
0000001000100100
0000001000011110
0000001000011001
0000001000010100
0000001000001111
0000001000001011
0000001000000110
0000001000000001
0000000111111101
0000000111111000
0000000111110100
0000000111110000
0000000111101011
0000000111100111
0000000111100011
0000000111011111
0000000111011011
0000000111010111
0000000111010011
0000000111010000
0000000111001100
0000000111001000
0000000111000101
0000000111000001
0000000110111110
0000000110111010
0000000110110111
0000000110110100
0000000110110000
0000000110101101
0000000110101010
0000000110100111
0000000110100100
0000000110100001
0000000110011110
0000000110011011
0000000110011000
0000000110010101
0000000110010010
0000000110001111
0000000110001101
0000000110001010
0000000110000111
0000000110000101
0000000110000010
0000000101111111
0000000101111101
0000000101111010
0000000101111000
0000000101110101
0000000101110011
0000000101110001
0000000101101110
0000000101101100
0000000101101010
0000000101100111
0000000101100101
0000000101100011
0000000101100001
0000000101011111
0000000101011100
0000000101011010
0000000101011000
0000000101010110
0000000101010100
0000000101010010
0000000101010000
0000000101001110
0000000101001100
0000000101001010
0000000101001001
0000000101000111
0000000101000101
0000000101000011
0000000101000001
0000000100111111
0000000100111110
0000000100111100
0000000100111010
0000000100111000
0000000100110111
0000000100110101
0000000100110011
0000000100110010
0000000100110000
0000000100101111
0000000100101101
0000000100101011
0000000100101010
0000000100101000
0000000100100111
0000000100100101
0000000100100100
0000000100100010
0000000100100001
0000000100011111
0000000100011110
0000000100011101
0000000100011011
0000000100011010
0000000100011000
0000000100010111
0000000100010110
0000000100010100
0000000100010011
0000000100010010
0000000100010000
0000000100001111
0000000100001110
0000000100001101
0000000100001011
0000000100001010
0000000100001001
0000000100001000
0000000100000111
0000000100000101
0000000100000100
0000000100000011
0000000100000010
0000000100000001
0000000100000000
0000000000000000
0000000000000000
0000000000000000
0000000000000000
0000000000000000
0000000000000000
0000000000000000
0000000000000000
0000000000000000
0000000000000000
0000000000000000
0000000000000000
0000000000000000
0000000000000000
0000000000000000
0000000000000000
0000000000000000
0000000000000000
0000000000000000
0000000000000000
0000000000000000
0000000000000000
0000000000000000
0000000000000000
0000000000000000
0000000000000000
0000000000000000
0000000000000000
0000000000000000
0000000000000000
0000000000000000
0000000000000000
0000000000000000
0000000000000000
0000000000000000
0000000000000000
0000000000000000
0000000000000000
0000000000000000
0000000000000000
0000000000000000
0000000000000000
0000000000000000
0000000000000000
0000000000000000
0000000000000000
0000000000000000
0000000000000000
0000000000000000
0000000000000000
0000000000000000
0000000000000000
0000000000000000
0000000000000000
0000000000000000
0000000000000000
0000000000000000
0000000000000000
0000000000000000
0000000000000000
0000000000000000
0000000000000000
0000000100000000
0000000100000100
0000000100001000
0000000100001100
0000000100010001
0000000100010101
0000000100011010
0000000100011111
0000000100100101
0000000100101010
0000000100101111
0000000100110101
0000000100111011
0000000101000010
0000000101001000
0000000101001111
0000000101010110
0000000101011101
0000000101100101
0000000101101101
0000000101110110
0000000101111110
0000000110001000
0000000110010001
0000000110011100
0000000110100110
0000000110110010
0000000110111110
0000000111001010
0000000111011000
0000000111100110
0000000111110101
0000001000000101
0000001000010110
0000001000101000
0000001000111100
0000001001010001
0000001001100111
0000001001111111
0000001010011010
0000001010110110
0000001011010101
0000001011110111
0000001100011101
0000001101000110
0000001101110100
0000001110100111
0000001111100000
0000010000100000
0000010001101010
0000010010111111
0000010100100001
0000010110010101
0000011000011111
0000011011000111
0000011110010111
0000100010100000
0000100111111100
0000101111011011
0000111010010110
0001001011110011
0001101100001011
0010111100110001
1011100100100010
1001111110110111
1101100111001011
1110100000101100
1110111010101111
