0000000111111101
0000000111110111
0000000111110010
0000000111101100
0000000111100111
0000000111100010
0000000111011101
0000000111011000
0000000111010011
0000000111001110
0000000111001001
0000000111000101
0000000111000000
0000000110111100
0000000110110111
0000000110110011
0000000110101111
0000000110101011
0000000110100111
0000000110100011
0000000110011111
0000000110011011
0000000110011000
0000000110010100
0000000110010000
0000000110001101
0000000110001001
0000000110000110
0000000110000011
0000000101111111
0000000101111100
0000000101111001
0000000101110110
0000000101110011
0000000101110000
0000000101101101
0000000101101010
0000000101100111
0000000101100100
0000000101100001
0000000101011110
0000000101011100
0000000101011001
0000000101010110
0000000101010100
0000000101010001
0000000101001111
0000000101001100
0000000101001010
0000000101000111
0000000101000101
0000000101000011
0000000101000000
0000000100111110
0000000100111100
0000000100111010
0000000100111000
0000000100110101
0000000100110011
0000000100110001
0000000100101111
0000000100101101
0000000100101011
0000000100101001
0000000100100111
0000000100100101
0000000100100011
0000000100100010
0000000100100000
0000000100011110
0000000100011100
0000000100011010
0000000100011000
0000000100010111
0000000100010101
0000000100010011
0000000100010010
0000000100010000
0000000100001110
0000000100001101
0000000100001011
0000000100001010
0000000100001000
0000000100000110
0000000100000101
0000000100000011
0000000100000010
0000000100000000
0000000011111111
0000000011111110
0000000011111100
0000000011111011
0000000011111001
0000000011111000
0000000011110111
0000000011110101
0000000011110100
0000000011110011
0000000011110001
0000000011110000
0000000011101111
0000000011101101
0000000011101100
0000000011101011
0000000011101010
0000000011101001
0000000011100111
0000000011100110
0000000011100101
0000000011100100
0000000011100011
0000000011100010
0000000011100000
0000000011011111
0000000011011110
0000000011011101
0000000011011100
0000000011011011
0000000011011010
0000000011011001
0000000011011000
0000000011010111
0000000011010110
0000000011010101
0000000011010100
0000000011010011
0000000000000000
0000000000000000
0000000000000000
0000000000000000
0000000000000000
0000000000000000
0000000000000000
0000000000000000
0000000000000000
0000000000000000
0000000000000000
0000000000000000
0000000000000000
0000000000000000
0000000000000000
0000000000000000
0000000000000000
0000000000000000
0000000000000000
0000000000000000
0000000000000000
0000000000000000
0000000000000000
0000000000000000
0000000000000000
0000000000000000
0000000000000000
0000000000000000
0000000000000000
0000000000000000
0000000000000000
0000000000000000
0000000000000000
0000000000000000
0000000000000000
0000000000000000
0000000000000000
0000000000000000
0000000000000000
0000000000000000
0000000000000000
0000000000000000
0000000000000000
0000000000000000
0000000000000000
0000000000000000
0000000000000000
0000000000000000
0000000000000000
0000000000000000
0000000000000000
0000000000000000
0000000000000000
0000000000000000
0000000000000000
0000000000000000
0000000000000000
0000000000000000
0000000000000000
0000000000000000
0000000000000000
0000000000000000
0000000011010011
0000000011010110
0000000011011001
0000000011011101
0000000011100000
0000000011100100
0000000011101000
0000000011101011
0000000011101111
0000000011110100
0000000011111000
0000000011111100
0000000100000001
0000000100000110
0000000100001011
0000000100010000
0000000100010101
0000000100011011
0000000100100000
0000000100100110
0000000100101101
0000000100110011
0000000100111010
0000000101000001
0000000101001001
0000000101010001
0000000101011001
0000000101100010
0000000101101011
0000000101110100
0000000101111110
0000000110001001
0000000110010100
0000000110100000
0000000110101101
0000000110111010
0000000111001000
0000000111011000
0000000111101000
0000000111111001
0000001000001100
0000001000100000
0000001000110110
0000001001001110
0000001001101000
0000001010000100
0000001010100010
0000001011000100
0000001011101010
0000001100010011
0000001101000010
0000001101110110
0000001110110001
0000001111110101
0000010001000011
0000010010011110
0000010100001010
0000010110001100
0000011000101011
0000011011110001
0000011111110001
0000100101000110
0000101100100101
0000110111110110
0001001010101110
0001110000111001
0011100110110100
1110101011000110
