0001110111011101
0001110111011000
0001110111010010
0001110111001100
0001110111000110
0001110111000000
0001110110111010
0001110110110100
0001110110101110
0001110110101001
0001110110100011
0001110110011101
0001110110010111
0001110110010001
0001110110001011
0001110110000101
0001110110000000
0001110101111010
0001110101110100
0001110101101110
0001110101101000
0001110101100010
0001110101011100
0001110101010110
0001110101010001
0001110101001011
0001110101000101
0001110100111111
0001110100111001
0001110100110011
0001110100101101
0001110100100111
0001110100100010
0001110100011100
0001110100010110
0001110100010000
0001110100001010
0001110100000100
0001110011111110
0001110011111000
0001110011110011
0001110011101101
0001110011100111
0001110011100001
0001110011011011
0001110011010101
0001110011001111
0001110011001001
0001110011000100
0001110010111110
0001110010111000
0001110010110010
0001110010101100
0001110010100110
0001110010100000
0001110010011011
0001110010010101
0001110010001111
0001110010001001
0001110010000011
0001110001111101
0001110001110111
0001110001110001
0001110001101100
0001110001100110
0001110001100000
0001110001011010
0001110001010100
0001110001001110
0001110001001000
0001110001000010
0001110000111101
0001110000110111
0001110000110001
0001110000101011
0001110000100101
0001110000011111
0001110000011001
0001110000010011
0001110000001110
0001110000001000
0001110000000010
0001101111111100
0001101111110110
0001101111110000
0001101111101010
0001101111100100
0001101111011111
0001101111011001
0001101111010011
0001101111001101
0001101111000111
0001101111000001
0001101110111011
0001101110110110
0001101110110000
0001101110101010
0001101110100100
0001101110011110
0001101110011000
0001101110010010
0001101110001100
0001101110000111
0001101110000001
0001101101111011
0001101101110101
0001101101101111
0001101101101001
0001101101100011
0001101101011101
0001101101011000
0001101101010010
0001101101001100
0001101101000110
0001101101000000
0001101100111010
0001101100110100
0001101100101110
0001101100101001
0001101100100011
0001101100011101
0001101100010111
0001101100010001
0001101100001011
0001101100000101
0000000000000000
0000000000000000
0000000000000000
0000000000000000
0000000000000000
0000000000000000
0000000000000000
0000000000000000
0000000000000000
0000000000000000
0000000000000000
0000000000000000
0000000000000000
0000000000000000
0000000000000000
0000000000000000
0000000000000000
0000000000000000
0000000000000000
0000000000000000
0000000000000000
0000000000000000
0000000000000000
0000000000000000
0000000000000000
0000000000000000
0000000000000000
0000000000000000
0000000000000000
0000000000000000
0000000000000000
0000000000000000
0000000000000000
0000000000000000
0000000000000000
0000000000000000
0000000000000000
0000000000000000
0000000000000000
0000000000000000
0000000000000000
0000000000000000
0000000000000000
0000000000000000
0000000000000000
0000000000000000
0000000000000000
0000000000000000
0000000000000000
0000000000000000
0000000000000000
0000000000000000
0000000000000000
0000000000000000
0000000000000000
0000000000000000
0000000000000000
0000000000000000
0000000000000000
0000000000000000
0000000000000000
0000000000000000
0000000000000000
0001101100000000
0001101100001101
0001101100011011
0001101100101000
0001101100110110
0001101101000100
0001101101010001
0001101101011111
0001101101101100
0001101101111010
0001101110001000
0001101110010101
0001101110100011
0001101110110001
0001101110111110
0001101111001100
0001101111011001
0001101111100111
0001101111110101
0001110000000010
0001110000010000
0001110000011101
0001110000101011
0001110000111001
0001110001000110
0001110001010100
0001110001100010
0001110001101111
0001110001111101
0001110010001010
0001110010011000
0001110010100110
0001110010110011
0001110011000001
0001110011001110
0001110011011100
0001110011101010
0001110011110111
0001110100000101
0001110100010011
0001110100100000
0001110100101110
0001110100111011
0001110101001001
0001110101010111
0001110101100100
0001110101110010
0001110110000000
0001110110001101
0001110110011011
0001110110101000
0001110110110110
0001110111000100
0001110111010001
0001110111011111
0001110111101100
0001110111111010
0001111000001000
0001111000010101
0001111000100011
0001111000110001
0001111000111110
0001111001001100
0001111001011001
0001111001100111
0001111001110101
0001111010000010
0001111010010000
