0010100101011101
0010100101011000
0010100101010010
0010100101001100
0010100101000110
0010100101000000
0010100100111010
0010100100110100
0010100100101110
0010100100101001
0010100100100011
0010100100011101
0010100100010111
0010100100010001
0010100100001011
0010100100000101
0010100100000000
0010100011111010
0010100011110100
0010100011101110
0010100011101000
0010100011100010
0010100011011100
0010100011010110
0010100011010001
0010100011001011
0010100011000101
0010100010111111
0010100010111001
0010100010110011
0010100010101101
0010100010100111
0010100010100010
0010100010011100
0010100010010110
0010100010010000
0010100010001010
0010100010000100
0010100001111110
0010100001111000
0010100001110011
0010100001101101
0010100001100111
0010100001100001
0010100001011011
0010100001010101
0010100001001111
0010100001001001
0010100001000100
0010100000111110
0010100000111000
0010100000110010
0010100000101100
0010100000100110
0010100000100000
0010100000011011
0010100000010101
0010100000001111
0010100000001001
0010100000000011
0010011111111101
0010011111110111
0010011111110001
0010011111101100
0010011111100110
0010011111100000
0010011111011010
0010011111010100
0010011111001110
0010011111001000
0010011111000010
0010011110111101
0010011110110111
0010011110110001
0010011110101011
0010011110100101
0010011110011111
0010011110011001
0010011110010011
0010011110001110
0010011110001000
0010011110000010
0010011101111100
0010011101110110
0010011101110000
0010011101101010
0010011101100100
0010011101011111
0010011101011001
0010011101010011
0010011101001101
0010011101000111
0010011101000001
0010011100111011
0010011100110110
0010011100110000
0010011100101010
0010011100100100
0010011100011110
0010011100011000
0010011100010010
0010011100001100
0010011100000111
0010011100000001
0010011011111011
0010011011110101
0010011011101111
0010011011101001
0010011011100011
0010011011011101
0010011011011000
0010011011010010
0010011011001100
0010011011000110
0010011011000000
0010011010111010
0010011010110100
0010011010101110
0010011010101001
0010011010100011
0010011010011101
0010011010010111
0010011010010001
0010011010001011
0010011010000101
0000000000000000
0000000000000000
0000000000000000
0000000000000000
0000000000000000
0000000000000000
0000000000000000
0000000000000000
0000000000000000
0000000000000000
0000000000000000
0000000000000000
0000000000000000
0000000000000000
0000000000000000
0000000000000000
0000000000000000
0000000000000000
0000000000000000
0000000000000000
0000000000000000
0000000000000000
0000000000000000
0000000000000000
0000000000000000
0000000000000000
0000000000000000
0000000000000000
0000000000000000
0000000000000000
0000000000000000
0000000000000000
0000000000000000
0000000000000000
0000000000000000
0000000000000000
0000000000000000
0000000000000000
0000000000000000
0000000000000000
0000000000000000
0000000000000000
0000000000000000
0000000000000000
0000000000000000
0000000000000000
0000000000000000
0000000000000000
0000000000000000
0000000000000000
0000000000000000
0000000000000000
0000000000000000
0000000000000000
0000000000000000
0000000000000000
0000000000000000
0000000000000000
0000000000000000
0000000000000000
0000000000000000
0000000000000000
0000000000000000
0010011010000000
0010011010011101
0010011010111011
0010011011011001
0010011011110111
0010011100010101
0010011100110011
0010011101010001
0010011101101111
0010011110001101
0010011110101011
0010011111001001
0010011111100111
0010100000000101
0010100000100011
0010100001000001
0010100001011111
0010100001111101
0010100010011011
0010100010111001
0010100011010111
0010100011110101
0010100100010011
0010100100110001
0010100101001110
0010100101101100
0010100110001010
0010100110101000
0010100111000110
0010100111100100
0010101000000010
0010101000100000
0010101000111110
0010101001011100
0010101001111010
0010101010011000
0010101010110110
0010101011010100
0010101011110010
0010101100010000
0010101100101110
0010101101001100
0010101101101010
0010101110001000
0010101110100110
0010101111000100
0010101111100010
0010110000000000
0010110000011101
0010110000111011
0010110001011001
0010110001110111
0010110010010101
0010110010110011
0010110011010001
0010110011101111
0010110100001101
0010110100101011
0010110101001001
0010110101100111
0010110110000101
0010110110100011
0010110111000001
0010110111011111
0010110111111101
0010111000011011
0010111000111001
0010111001010111
