0000000100011111
0000000100011100
0000000100011010
0000000100010111
0000000100010100
0000000100010010
0000000100001111
0000000100001100
0000000100001010
0000000100000111
0000000100000101
0000000100000011
0000000100000000
0000000011111110
0000000011111100
0000000011111010
0000000011111000
0000000011110101
0000000011110011
0000000011110001
0000000011101111
0000000011101101
0000000011101011
0000000011101001
0000000011101000
0000000011100110
0000000011100100
0000000011100010
0000000011100000
0000000011011111
0000000011011101
0000000011011011
0000000011011010
0000000011011000
0000000011010110
0000000011010101
0000000011010011
0000000011010010
0000000011010000
0000000011001111
0000000011001101
0000000011001100
0000000011001010
0000000011001001
0000000011000111
0000000011000110
0000000011000101
0000000011000011
0000000011000010
0000000011000001
0000000010111111
0000000010111110
0000000010111101
0000000010111100
0000000010111010
0000000010111001
0000000010111000
0000000010110111
0000000010110110
0000000010110101
0000000010110011
0000000010110010
0000000010110001
0000000010110000
0000000010101111
0000000010101110
0000000010101101
0000000010101100
0000000010101011
0000000010101010
0000000010101001
0000000010101000
0000000010100111
0000000010100110
0000000010100101
0000000010100100
0000000010100011
0000000010100010
0000000010100001
0000000010100000
0000000010011111
0000000010011111
0000000010011110
0000000010011101
0000000010011100
0000000010011011
0000000010011010
0000000010011001
0000000010011001
0000000010011000
0000000010010111
0000000010010110
0000000010010101
0000000010010101
0000000010010100
0000000010010011
0000000010010010
0000000010010010
0000000010010001
0000000010010000
0000000010001111
0000000010001111
0000000010001110
0000000010001101
0000000010001101
0000000010001100
0000000010001011
0000000010001011
0000000010001010
0000000010001001
0000000010001001
0000000010001000
0000000010000111
0000000010000111
0000000010000110
0000000010000101
0000000010000101
0000000010000100
0000000010000100
0000000010000011
0000000010000010
0000000010000010
0000000010000001
0000000010000001
0000000010000000
0000000000000000
0000000000000000
0000000000000000
0000000000000000
0000000000000000
0000000000000000
0000000000000000
0000000000000000
0000000000000000
0000000000000000
0000000000000000
0000000000000000
0000000000000000
0000000000000000
0000000000000000
0000000000000000
0000000000000000
0000000000000000
0000000000000000
0000000000000000
0000000000000000
0000000000000000
0000000000000000
0000000000000000
0000000000000000
0000000000000000
0000000000000000
0000000000000000
0000000000000000
0000000000000000
0000000000000000
0000000000000000
0000000000000000
0000000000000000
0000000000000000
0000000000000000
0000000000000000
0000000000000000
0000000000000000
0000000000000000
0000000000000000
0000000000000000
0000000000000000
0000000000000000
0000000000000000
0000000000000000
0000000000000000
0000000000000000
0000000000000000
0000000000000000
0000000000000000
0000000000000000
0000000000000000
0000000000000000
0000000000000000
0000000000000000
0000000000000000
0000000000000000
0000000000000000
0000000000000000
0000000000000000
0000000000000000
0000000000000000
0000000010000000
0000000010000010
0000000010000100
0000000010000110
0000000010001000
0000000010001010
0000000010001101
0000000010001111
0000000010010010
0000000010010101
0000000010010111
0000000010011010
0000000010011101
0000000010100001
0000000010100100
0000000010100111
0000000010101011
0000000010101110
0000000010110010
0000000010110110
0000000010111011
0000000010111111
0000000011000100
0000000011001000
0000000011001110
0000000011010011
0000000011011001
0000000011011111
0000000011100101
0000000011101100
0000000011110011
0000000011111010
0000000100000010
0000000100001011
0000000100010100
0000000100011110
0000000100101000
0000000100110011
0000000100111111
0000000101001101
0000000101011011
0000000101101010
0000000101111011
0000000110001110
0000000110100011
0000000110111010
0000000111010011
0000000111110000
0000001000010000
0000001000110101
0000001001011111
0000001010010000
0000001011001010
0000001100001111
0000001101100011
0000001111001011
0000010001010000
0000010011111110
0000010111101101
0000011101001011
0000100101111001
0000110110000101
0001011110011000
0101110010010001
1100111111011100
1110110011100110
1111010000010110
1111011101011000
