00000000000000100110100100110111
00000000000000100110001001010100
00000000000000100101101110010111
00000000000000100101010100000000
00000000000000100100111010001101
00000000000000100100100000111110
00000000000000100100001000010001
00000000000000100011110000000100
00000000000000100011011000011000
00000000000000100011000001001011
00000000000000100010101010011100
00000000000000100010010100001011
00000000000000100001111110010101
00000000000000100001101000111100
00000000000000100001010011111101
00000000000000100000111111010111
00000000000000100000101011001011
00000000000000100000010111011000
00000000000000100000000011111100
00000000000000011111110000111000
00000000000000011111011110001001
00000000000000011111001011110001
00000000000000011110111001101110
00000000000000011110101000000000
00000000000000011110010110100110
00000000000000011110000101011111
00000000000000011101110100101100
00000000000000011101100100001011
00000000000000011101010011111100
00000000000000011101000011111111
00000000000000011100110100010011
00000000000000011100100100111000
00000000000000011100010101101110
00000000000000011100000110110011
00000000000000011011111000001000
00000000000000011011101001101100
00000000000000011011011011011111
00000000000000011011001101100000
00000000000000011010111111110000
00000000000000011010110010001101
00000000000000011010100100111000
00000000000000011010010111110000
00000000000000011010001010110101
00000000000000011001111110000110
00000000000000011001110001100100
00000000000000011001100101001110
00000000000000011001011001000011
00000000000000011001001101000100
00000000000000011001000001010000
00000000000000011000110101101000
00000000000000011000101010001010
00000000000000011000011110110110
00000000000000011000010011101101
00000000000000011000001000101101
00000000000000010111111101111000
00000000000000010111110011001100
00000000000000010111101000101010
00000000000000010111011110010001
00000000000000010111010100000001
00000000000000010111001001111010
00000000000000010110111111111100
00000000000000010110110110000110
00000000000000010110101100011001
00000000000000010110100010110100
00000000000000010110011001010111
00000000000000010110010000000001
00000000000000010110000110110100
00000000000000010101111101101110
00000000000000010101110100101111
00000000000000010101101011111000
00000000000000010101100011001000
00000000000000010101011010011111
00000000000000010101010001111101
00000000000000010101001001100001
00000000000000010101000001001100
00000000000000010100111000111110
00000000000000010100110000110110
00000000000000010100101000110101
00000000000000010100100000111001
00000000000000010100011001000100
00000000000000010100010001010100
00000000000000010100001001101011
00000000000000010100000010000111
00000000000000010011111010101001
00000000000000010011110011010000
00000000000000010011101011111101
00000000000000010011100100101111
00000000000000010011011101100110
00000000000000010011010110100011
00000000000000010011001111100101
00000000000000010011001000101011
00000000000000010011000001110111
00000000000000010010111011000111
00000000000000010010110100011100
00000000000000010010101101110110
00000000000000010010100111010101
00000000000000010010100000111000
00000000000000010010011010011111
00000000000000010010010100001011
00000000000000010010001101111011
00000000000000010010000111101111
00000000000000010010000001101000
00000000000000010001111011100100
00000000000000010001110101100101
00000000000000010001101111101010
00000000000000010001101001110010
00000000000000010001100011111111
00000000000000010001011110001111
00000000000000010001011000100011
00000000000000010001010010111010
00000000000000010001001101010110
00000000000000010001000111110100
00000000000000010001000010010111
00000000000000010000111100111101
00000000000000010000110111100110
00000000000000010000110010010011
00000000000000010000101101000010
00000000000000010000100111110110
00000000000000010000100010101100
00000000000000010000011101100110
00000000000000010000011000100010
00000000000000010000010011100010
00000000000000010000001110100101
00000000000000010000001001101011
00000000000000010000000100110100
00000000000000000000000000000000
00000000000000000000000000000000
00000000000000000000000000000000
00000000000000000000000000000000
00000000000000000000000000000000
00000000000000000000000000000000
00000000000000000000000000000000
00000000000000000000000000000000
00000000000000000000000000000000
00000000000000000000000000000000
00000000000000000000000000000000
00000000000000000000000000000000
00000000000000000000000000000000
00000000000000000000000000000000
00000000000000000000000000000000
00000000000000000000000000000000
00000000000000000000000000000000
00000000000000000000000000000000
00000000000000000000000000000000
00000000000000000000000000000000
00000000000000000000000000000000
00000000000000000000000000000000
00000000000000000000000000000000
00000000000000000000000000000000
00000000000000000000000000000000
00000000000000000000000000000000
00000000000000000000000000000000
00000000000000000000000000000000
00000000000000000000000000000000
00000000000000000000000000000000
00000000000000000000000000000000
00000000000000000000000000000000
00000000000000000000000000000000
00000000000000000000000000000000
00000000000000000000000000000000
00000000000000000000000000000000
00000000000000000000000000000000
00000000000000000000000000000000
00000000000000000000000000000000
00000000000000000000000000000000
00000000000000000000000000000000
00000000000000000000000000000000
00000000000000000000000000000000
00000000000000000000000000000000
00000000000000000000000000000000
00000000000000000000000000000000
00000000000000000000000000000000
00000000000000000000000000000000
00000000000000000000000000000000
00000000000000000000000000000000
00000000000000000000000000000000
00000000000000000000000000000000
00000000000000000000000000000000
00000000000000000000000000000000
00000000000000000000000000000000
00000000000000000000000000000000
00000000000000000000000000000000
00000000000000000000000000000000
00000000000000000000000000000000
00000000000000000000000000000000
00000000000000000000000000000000
00000000000000000000000000000000
00000000000000000000000000000000
00000000000000010000000000000000
00000000000000010000001111100001
00000000000000010000011111100001
00000000000000010000110000000010
00000000000000010001000001000011
00000000000000010001010010101000
00000000000000010001100100110010
00000000000000010001110111100011
00000000000000010010001010111100
00000000000000010010011111000000
00000000000000010010110011110010
00000000000000010011001001010010
00000000000000010011011111100101
00000000000000010011110110101101
00000000000000010100001110101101
00000000000000010100100111101000
00000000000000010101000001100001
00000000000000010101011100011101
00000000000000010101111000011111
00000000000000010110010101101100
00000000000000010110110100001000
00000000000000010111010011111010
00000000000000010111110101000110
00000000000000011000010111110010
00000000000000011000111100000110
00000000000000011001100010001001
00000000000000011010001010000010
00000000000000011010110011111011
00000000000000011011011111111110
00000000000000011100001110010110
00000000000000011100111111001110
00000000000000011101110010110100
00000000000000011110101001010111
00000000000000011111100011001000
00000000000000100000100000011000
00000000000000100001100001011111
00000000000000100010100110110010
00000000000000100011110000101110
00000000000000100100111111110000
00000000000000100110010100011100
00000000000000100111101111011011
00000000000000101001010001011010
00000000000000101010111011001111
00000000000000101100101101111010
00000000000000101110101010100101
00000000000000110000110010100110
00000000000000110011000111100101
00000000000000110101101011100001
00000000000000111000100000101111
00000000000000111011101010001001
00000000000000111111001011010011
00000000000001000011001000101011
00000000000001000111100111111100
00000000000001001100110000010111
00000000000001010010101011011110
00000000000001011001100110000000
00000000000001100001110001010010
00000000000001101011100101101100
00000000000001110111100110011001
00000000000010000110101000010011
00000000000010011001111110101101
00000000000010110011110100110111
00000000000011011000000110010110
00000000000100001110101101000011
00000000000101101010001110111110
00000000001000100011010001111010
00000000010001011110110101000100
11111001110101110010011001100111
